1.5
1.3333333333333333
1.25
1.2
1.1666666666666667
1.1428571428571428
1.125
1.1111111111111112
1.1
1.0909090909090908
1.0833333333333333
1.0769230769230769
1.0714285714285714
1.0666666666666667
1.0625
1.0588235294117647
1.0555555555555556
1.0526315789473684
1.05
1.0476190476190477
1.0454545454545454
1.0434782608695652
1.0416666666666667
1.04
1.0384615384615385
1.037037037037037
1.0357142857142858
1.0344827586206897
1.0333333333333334
1.032258064516129
1.03125
1.0303030303030303
1.0294117647058822
1.0285714285714285
1.0277777777777777
1.027027027027027
1.0263157894736843
1.0256410256410255
1.025
1.024390243902439
1.0238095238095237
1.0232558139534884
1.0227272727272727
1.0222222222222221
1.0217391304347827
1.0212765957446808
1.0208333333333333
1.0204081632653061
1.02
1.0196078431372548
1.0192307692307692
1.0188679245283019
1.0185185185185186
1.018181818181818
1.0178571428571428
1.0175438596491229
1.0172413793103448
1.0169491525423728
1.0166666666666666
1.0163934426229508
1.0161290322580645
1.0158730158730158
1.015625
1.0153846153846153
1.0151515151515151
1.0149253731343284
1.0147058823529411
1.0144927536231885
1.0142857142857142
1.0140845070422535
1.0138888888888888
1.0136986301369864
1.0135135135135136
1.0133333333333334
1.013157894736842
1.0129870129870129
1.0128205128205128
1.0126582278481013
1.0125
1.0123456790123457
1.0121951219512195
1.0120481927710843
1.0119047619047619
1.011764705882353
1.0116279069767442
1.0114942528735633
1.0113636363636365
1.0112359550561798
1.011111111111111
1.010989010989011
1.0108695652173914
1.010752688172043
1.0106382978723405
1.0105263157894737
1.0104166666666667
1.0103092783505154
1.010204081632653
1.0101010101010102
1.01
